Results from node 1 after 200 rounds: [{"Min",1},
                                       {"Average",496.10515880118703},
                                       {"Fragments",
                                        [{fragment,<0.16415.0>,undefined,
                                          undefined,
                                          [993,908,581,148,198,689,540,870,
                                           703,184],
                                          store},
                                         {fragment,<0.16413.0>,<0.16413.0>,
                                          undefined,
                                          [697,527,983,415,987,51,273,29,190,
                                           334,279,719,573,686,392,490,289,
                                           378,459,436,312,427,714,650,416,
                                           153,307,813,122,43,238,724,772,244,
                                           959,392,970,755,270,983,747,585,
                                           900,59,759,808,678,393,149,425,621,
                                           447,246,779,253,611,332,795,934,
                                           169,955,53,13,957,944,605,265,235,
                                           737,794,266,142,722,354,867,229,
                                           303,129,187],
                                          replicate},
                                         {fragment,<0.16414.0>,<0.16414.0>,
                                          undefined,
                                          [486,324,103,41,465,536,267,724,738,
                                           31,696,510,561,145,840,447,785,822,
                                           653,483,937,979,674,44,581,24,443,
                                           197,759,316,977,32,719,134,369,775,
                                           229,613,51,565,999,843,853,377,594,
                                           808,592,968,945,506,415,292,218,
                                           557,968,796,320,67,925,672,691,566,
                                           683,827,229,415,877,185],
                                          replicate}]},
                                       {"Median",490.7040593682642},
                                       {"Max",1000}]
Actual values are:
[{min,1},{max,1000},{average,500.98377215493986},{median,501}]
ok

